413
929
200
433
787
59
897
396
369
496
796
88
170
395
692
234
369
787
180
282
79
338
268
298
698
131
901
929
511
604
202
354
452
265
813
681
326
928
573
394
749
683
847
892
865
993
455
412
533
835
655
427
733
179
1
722
308
549
735
303
158
615
532
765
941
89
636
905
229
11
908
88
214
786
180
43
491
376
80
352
676
136
43
676
949
775
621
920
264
738
20
777
193
270
236
781
151
729
598
423
4
197
830
522
927
214
213
594
999
958
878
932
116
383
274
669
572
856
463
166
468
716
641
491
638
778
895
944
550
46
539
762
425
657
995
126
953
521
396
382
209
674
921
953
860
735
308
810
643
214
209
295
913
432
955
288
556
339
531
796
319
269
44
600
66
116
507
459
35
148
716
51
107
81
957
441
795
335
631
903
470
85
948
983
837
244
496
640
349
707
217
614
637
600
710
587
630
968
534
391
228
496
422
142
498
158
188
832
475
514
493
221
708
628
973
234
968
708
763
822
620
514
110
328
578
749
61
154
18
17
458
474
448
887
322
974
310
806
485
326
703
664
165
482
861
996
553
9
274
476
619
569
205
712
771
361
33
94
564
396
97
681
461
458
703
666
420
468
953
646
571
162
223
84
766
956
349
275
114
229
196
52
880
542
398
889
916
736
116
961
941
216
889
89
229
22
850
707
426
195
576
85
703
275
905
104
346
121
593
462
12
405
627
982
200
692
801
919
707
814
397
684
352
992
705
2
920
134
502
744
753
289
496
919
653
111
996
252
637
941
190
795
790
301
596
183
236
554
536
537
221
931
647
612
445
892
380
358
570
550
184
212
266
849
709
723
556
708
329
89
343
196
282
766
624
602
541
698
396
522
413
13
245
965
523
822
642
884
121
761
378
638
682
87
757
978
176
941
592
873
274
528
225
447
841
672
649
528
635
843
998
682
962
695
784
818
967
301
326
887
728
672
234
568
358
705
514
195
9
646
73
600
753
170
895
885
788
445
124
498
173
761
896
278
763
343
323
634
950
939
658
875
262
705
792
602
941
657
736
783
805
101
519
989
417
45
576
439
800
546
677
522
824
475
714
967
423
956
805
15
29
880
892
70
635
845
985
48
378
293
591
778
356
988
693
719
889
907
508
365
414
884
481
404
909
136
698
787
991
472
179
985
852
721
401
925
209
449
354
572
60
175
61
507
602
546
166
836
429
642
725
163
448
87
248
145
46
135
161
499
147
198
57
553
761
606
926
282
234
768
157
440
553
936
305
886
470
974
449
10
970
862
5
996
394
663
537
412
473
256
526
74
935
502
72
509
118
155
393
996
620
531
249
661
485
932
610
159
782
9
322
719
686
798
176
285
840
708
806
98
69
161
809
978
889
83
505
698
511
443
768
315
581
100
37
86
260
991
158
109
700
25
630
111
581
807
35
784
326
787
669
57
996
295
927
106
722
271
772
402
427
912
648
339
241
7
138
233
761
737
672
496
550
344
45
691
531
345
397
82
695
368
372
371
774
358
966
933
173
931
364
989
219
756
329
788
377
291
870
221
316
802
23
236
762
820
507
652
250
883
222
24
521
690
354
59
540
924
565
530
688
205
60
477
373
683
277
441
662
904
314
240
475
823
413
893
992
783
609
601
498
314
683
937
356
340
115
529
49
270
248
100
726
987
180
111
742
546
863
79
190
66
637
993
569
982
196
345
924
461
67
404
315
611
679
374
169
770
121
680
215
748
392
392
656
214
514
135
290
302
151
446
920
177
58
432
677
337
15
374
791
770
605
588
850
844
785
762
308
806
589
619
72
830
511
442
321
892
337
355
115
61
702
269
310
268
131
785
200
894
697
832
755
394
889
445
143
804
189
459
429
399
827
484
360
532
21
90
666
263
758
432
0
660
906
730
715
983
925
229
713
647
209
61
109
757
864
325
941
66
299
517
350
525
926
716
234
218
556
778
247
688
119
584
783
912
479
742
488
159
730
807
526
607
746
429
837
766
375
603
668
343
796
247
964
241
729
122
734
190
143
497
74
147
982
672
528
272
925
844
925
769
837
782
336
139
991
390
779
144
526
468
843
953
110
551
539
519
620
542
830
357
8
298
663
233
733
26
625
74
901
565
488
178
325
546
506
14
911
472
897
986
990
237
664
675
301
768
37
78
780
656
299
30
661
215
761
186
119
103
406
612
765
352
243
961
627
312
628
211
45
525
608
148
645
844
367
418
634
635
579
612
989
194
294
892
913
458
164
757
785
967
895
808
713
932
221
285
641
703
