0
3
3
4
5
5
6
7
8
10
10
12
12
13
14
14
14
15
15
16
16
19
22
23
24
24
24
25
26
27
29
30
33
34
36
39
39
39
40
40
40
41
42
46
46
47
48
49
49
50
53
53
53
54
54
55
56
59
60
61
63
64
66
66
67
68
69
70
72
72
73
74
76
76
78
79
79
79
81
81
83
83
83
83
85
89
90
91
93
94
94
95
95
98
100
101
101
102
103
104
105
105
106
107
107
108
109
109
110
111
111
112
112
112
112
114
114
118
118
119
120
122
124
124
125
126
126
127
129
130
130
133
134
135
135
136
136
136
137
138
138
139
141
142
143
144
145
146
146
146
148
151
152
155
155
156
156
157
159
160
160
162
163
164
166
166
166
167
168
170
171
175
175
176
177
177
179
179
181
182
182
182
183
183
183
183
186
186
187
187
188
189
192
192
193
197
197
198
200
200
202
202
203
205
206
207
208
210
211
215
216
218
218
219
220
220
221
221
222
222
222
223
223
225
226
226
226
227
227
229
229
230
233
234
235
236
237
237
238
240
240
241
242
244
245
245
245
245
245
248
248
249
251
251
251
252
255
256
260
264
265
267
267
268
268
269
270
272
272
272
273
274
276
277
277
278
279
279
280
280
281
282
282
284
284
285
286
287
287
287
288
290
290
291
292
293
293
294
295
298
299
299
301
303
303
304
304
305
307
307
308
309
311
311
311
313
313
314
314
315
318
319
320
321
325
329
331
332
333
333
333
334
336
337
337
338
339
340
341
343
343
347
347
348
348
349
349
350
352
352
352
352
352
354
355
357
358
360
361
362
364
364
366
366
367
368
370
370
370
370
370
371
372
373
373
373
374
374
375
375
375
375
377
378
380
380
381
382
383
385
385
385
386
387
388
389
390
393
393
395
396
400
401
404
405
407
408
410
412
412
412
415
415
415
417
419
422
423
425
427
427
428
429
430
431
432
434
435
437
437
440
441
442
442
442
442
443
444
446
446
446
447
447
448
449
450
450
451
451
452
452
452
454
454
454
455
456
459
459
463
463
465
465
465
468
468
470
470
472
473
476
477
478
479
481
481
482
482
483
483
487
489
490
493
494
494
496
498
498
498
500
501
501
501
501
503
503
504
506
506
507
507
507
508
511
514
516
518
519
519
520
521
522
523
526
527
531
532
534
534
535
536
538
540
541
543
543
544
545
547
548
550
550
551
551
553
555
555
559
560
561
563
565
568
569
570
570
571
572
572
572
575
576
576
578
578
582
582
583
583
584
586
586
587
588
590
592
593
597
598
598
600
600
602
602
604
604
605
607
608
610
610
612
613
614
614
615
617
621
621
622
622
625
626
627
627
629
629
630
630
630
631
631
631
631
632
633
634
634
636
636
638
640
641
642
643
645
646
646
646
646
648
650
652
652
655
656
657
657
658
658
660
660
661
662
664
665
665
665
665
665
668
668
669
669
674
674
678
679
680
681
682
682
685
687
687
687
689
689
690
690
690
690
690
692
692
692
693
693
693
694
696
696
696
696
696
697
697
699
700
700
700
703
704
704
708
708
708
710
710
712
712
713
714
716
717
718
719
719
720
720
721
721
722
722
722
725
726
726
727
727
730
730
731
731
734
735
735
737
740
742
744
745
745
745
746
747
748
749
750
750
753
754
754
755
755
756
756
756
757
758
761
761
763
764
764
764
765
766
766
767
767
769
770
773
775
775
775
777
778
780
780
782
783
784
784
785
786
788
788
789
789
790
790
792
793
794
795
795
797
798
798
799
799
800
800
800
801
801
801
803
804
804
804
804
805
808
811
812
812
813
813
814
814
814
817
818
818
819
819
820
821
822
823
824
825
825
826
827
829
830
830
830
831
832
833
833
833
834
834
834
835
835
836
836
838
839
841
842
842
842
842
844
848
850
851
851
852
852
852
853
853
854
855
855
859
859
859
861
862
863
863
864
864
865
866
866
868
871
871
872
873
873
874
875
877
877
878
878
878
879
879
881
882
884
885
885
886
889
890
890
890
890
891
893
896
897
897
898
898
901
902
902
903
904
904
906
908
908
910
911
911
912
914
914
915
915
918
918
919
920
920
925
926
926
928
928
928
928
929
930
932
933
936
937
938
938
940
940
941
942
943
943
944
944
945
945
946
946
946
946
947
948
948
950
950
951
951
952
954
957
958
959
962
962
962
963
963
963
964
967
968
968
969
969
970
970
970
971
972
973
974
977
978
978
979
980
981
984
985
986
991
991
993
994
994
995
997
998
999