2
4
4
4
7
8
8
9
9
10
13
14
14
15
15
16
19
21
22
22
22
24
25
25
27
29
29
33
34
37
37
38
39
41
43
43
44
44
45
48
48
49
49
52
54
54
55
56
57
59
59
60
60
61
64
64
64
66
66
67
67
68
68
68
68
68
69
70
72
72
76
76
82
84
84
84
84
85
86
87
88
88
89
90
90
91
92
93
93
94
95
95
96
97
97
97
97
98
99
100
100
101
101
102
102
102
103
104
105
107
107
107
108
109
109
109
110
111
112
112
113
115
115
116
117
118
118
118
120
120
123
123
124
124
125
126
126
128
128
129
130
130
130
134
135
136
137
137
142
143
143
143
144
145
146
147
148
149
149
149
150
151
152
152
154
154
154
154
155
156
156
157
157
158
158
161
162
162
163
163
163
165
165
167
167
167
170
170
171
171
171
171
171
172
175
177
182
183
185
185
185
187
188
191
191
192
192
194
194
195
195
196
196
199
201
202
202
203
204
204
205
206
206
206
206
208
209
209
210
212
214
217
217
221
222
223
224
225
226
228
230
230
233
235
236
236
236
236
237
238
238
241
241
241
242
243
244
245
245
245
247
248
249
249
250
251
251
252
254
254
254
255
257
258
258
258
258
259
260
264
267
268
268
269
271
271
272
272
273
275
279
280
281
282
283
284
284
286
287
289
291
292
293
299
301
302
302
302
304
304
306
306
307
308
309
309
311
312
313
314
315
315
315
315
315
316
316
317
318
319
319
321
321
322
323
324
325
325
326
328
329
330
330
330
330
331
332
332
334
334
334
335
337
338
338
338
339
340
344
349
351
352
352
352
354
354
357
358
359
360
360
361
362
362
365
366
366
367
368
368
369
370
373
374
379
379
380
382
384
392
393
394
395
396
396
400
402
402
403
404
404
404
405
405
406
408
409
410
410
411
411
412
412
413
414
417
417
419
420
422
422
422
423
425
425
426
428
428
429
429
429
429
429
430
430
431
432
432
433
433
434
435
436
437
438
440
441
444
445
445
446
447
448
449
451
451
452
453
453
456
457
459
459
461
461
462
462
464
466
467
467
467
468
473
473
473
474
480
482
484
486
489
490
490
492
493
493
494
494
495
496
496
498
499
501
501
501
502
502
503
503
505
507
508
508
509
509
510
510
511
512
514
514
514
516
519
520
520
520
521
525
526
527
528
529
529
529
530
530
530
531
531
532
532
532
533
534
535
536
537
539
539
540
541
541
542
543
545
545
546
546
546
546
551
552
553
554
554
555
556
556
558
559
559
559
560
561
561
561
564
565
566
567
568
569
570
570
570
571
571
571
573
574
574
574
575
577
577
577
578
578
579
582
584
585
585
586
586
589
590
592
593
594
596
597
597
597
598
599
599
600
601
601
602
603
604
605
606
606
606
606
606
616
618
620
620
624
629
629
630
630
631
632
632
632
635
635
637
637
637
637
638
639
639
639
641
646
646
647
649
649
649
649
649
649
651
652
652
652
652
653
654
657
658
658
659
659
660
661
661
662
662
663
664
664
665
665
666
666
666
666
668
669
670
671
671
671
671
672
674
676
676
676
679
680
681
681
682
683
684
686
686
687
687
689
689
690
693
694
695
696
697
698
698
699
699
703
703
703
704
705
705
706
706
706
707
707
707
707
709
709
710
710
714
716
719
720
720
721
722
722
723
725
726
726
727
728
729
730
732
733
734
735
735
739
739
739
742
743
743
744
745
746
747
747
748
748
748
749
749
749
750
750
751
751
752
754
756
756
758
760
763
764
766
766
767
770
770
770
770
771
772
773
773
775
776
777
778
778
779
781
782
783
785
786
790
791
792
792
793
793
793
794
795
796
797
798
799
799
799
800
805
805
806
807
807
807
809
809
812
813
814
814
814
815
816
817
818
819
820
820
821
821
822
823
824
825
826
826
827
828
829
829
829
830
832
832
832
832
832
832
833
833
835
835
835
836
837
837
837
837
839
839
840
842
843
844
846
846
847
847
848
850
851
851
851
852
852
853
853
853
853
855
855
859
860
861
861
861
862
863
863
864
865
866
866
867
868
869
869
870
873
874
875
877
878
879
879
881
881
881
884
885
885
886
887
887
888
888
889
893
893
894
896
896
897
898
899
900
901
902
902
902
903
904
905
905
906
906
906
907
907
910
911
913
913
913
914
915
915
916
917
918
918
920
921
922
922
923
926
926
928
929
930
930
931
932
933
935
936
937
937
938
938
938
938
939
939
943
944
944
945
947
947
950
950
950
951
951
953
957
958
959
960
960
961
963
963
963
963
964
965
965
966
967
967
967
969
970
971
972
973
973
974
975
977
977
977
980
982
982
982
984
985
987
988
990
992
992
998
999
1000
1000
1004
1005
1006
1006
1010
1010
1013
1016
1016
1018
1018
1020
1020
1021
1021
1022
1024
1025
1025
1031
1035
1036
1037
1037
1037
1038
1040
1040
1043
1044
1045
1046
1049
1051
1053
1053
1053
1055
1057
1057
1058
1060
1061
1061
1063
1064
1064
1064
1066
1067
1067
1068
1069
1070
1070
1071
1072
1073
1075
1075
1076
1076
1077
1078
1079
1082
1083
1083
1083
1085
1086
1086
1089
1092
1092
1095
1095
1100
1100
1101
1102
1104
1104
1104
1106
1106
1108
1108
1110
1110
1110
1111
1111
1112
1112
1116
1116
1117
1117
1118
1119
1119
1121
1121
1122
1122
1122
1122
1122
1123
1123
1125
1127
1127
1130
1130
1130
1131
1132
1133
1133
1133
1133
1136
1137
1137
1137
1139
1140
1140
1140
1140
1142
1142
1143
1144
1144
1146
1148
1148
1148
1149
1150
1151
1151
1154
1155
1155
1156
1159
1160
1161
1161
1164
1165
1165
1168
1168
1169
1170
1170
1171
1171
1173
1173
1173
1173
1174
1174
1175
1175
1175
1176
1177
1177
1177
1177
1178
1180
1181
1181
1182
1188
1188
1190
1190
1191
1192
1192
1193
1194
1194
1195
1196
1198
1199
1199
1200
1201
1201
1202
1202
1205
1205
1205
1206
1208
1209
1209
1209
1210
1210
1212
1213
1216
1218
1219
1221
1221
1224
1225
1226
1226
1226
1230
1233
1234
1234
1234
1234
1236
1236
1237
1237
1238
1238
1239
1239
1240
1240
1243
1244
1245
1247
1248
1249
1249
1250
1250
1250
1254
1256
1257
1260
1261
1261
1262
1264
1264
1265
1265
1266
1267
1268
1268
1268
1268
1270
1271
1272
1272
1272
1273
1273
1274
1274
1275
1275
1275
1275
1277
1279
1281
1281
1284
1285
1285
1286
1286
1289
1290
1291
1294
1295
1296
1298
1298
1299
1299
1301
1302
1302
1303
1304
1306
1308
1310
1312
1313
1313
1313
1316
1317
1319
1319
1320
1320
1321
1323
1324
1324
1325
1326
1328
1328
1328
1330
1331
1332
1332
1333
1334
1334
1334
1334
1335
1336
1336
1339
1339
1340
1340
1341
1341
1341
1341
1342
1343
1345
1345
1347
1348
1350
1350
1351
1351
1351
1353
1357
1359
1359
1360
1360
1360
1361
1361
1361
1361
1362
1364
1366
1367
1368
1368
1369
1369
1369
1369
1373
1376
1377
1379
1380
1382
1382
1383
1383
1383
1385
1386
1387
1387
1390
1390
1391
1391
1392
1393
1393
1393
1393
1396
1397
1397
1398
1398
1398
1399
1400
1401
1405
1405
1406
1406
1407
1407
1410
1410
1411
1411
1411
1412
1413
1416
1417
1419
1421
1421
1422
1423
1425
1426
1426
1426
1427
1427
1428
1428
1429
1431
1433
1433
1434
1434
1435
1436
1436
1437
1437
1438
1439
1439
1440
1440
1440
1441
1446
1449
1451
1451
1451
1451
1452
1453
1454
1455
1458
1458
1459
1462
1462
1464
1466
1469
1469
1469
1469
1469
1470
1470
1471
1472
1473
1474
1475
1475
1475
1475
1477
1479
1480
1483
1483
1487
1487
1489
1490
1490
1490
1492
1493
1493
1494
1495
1495
1496
1497
1498
1499
1502
1505
1505
1505
1505
1507
1507
1513
1514
1514
1514
1515
1520
1521
1521
1522
1522
1524
1525
1525
1526
1528
1529
1529
1530
1531
1532
1534
1534
1534
1535
1538
1541
1543
1543
1544
1545
1546
1546
1546
1547
1552
1552
1553
1553
1557
1557
1560
1560
1562
1563
1564
1565
1565
1565
1566
1566
1568
1570
1570
1572
1573
1573
1574
1575
1576
1578
1578
1580
1581
1582
1585
1585
1587
1587
1588
1588
1590
1591
1593
1593
1594
1595
1595
1595
1598
1598
1600
1604
1604
1605
1605
1607
1610
1610
1610
1613
1613
1614
1616
1616
1618
1619
1619
1620
1621
1623
1623
1624
1624
1625
1625
1626
1626
1627
1627
1628
1629
1629
1630
1630
1630
1630
1631
1631
1634
1636
1637
1637
1637
1638
1639
1640
1641
1642
1642
1643
1643
1645
1646
1647
1652
1652
1653
1653
1654
1656
1658
1659
1665
1665
1666
1667
1668
1668
1670
1670
1671
1672
1672
1672
1673
1674
1675
1678
1678
1679
1680
1680
1680
1680
1681
1682
1682
1684
1690
1691
1691
1694
1694
1695
1695
1695
1696
1697
1698
1699
1703
1705
1708
1712
1713
1714
1715
1716
1717
1717
1717
1719
1719
1722
1722
1722
1723
1723
1726
1728
1728
1728
1729
1731
1733
1734
1734
1734
1735
1736
1736
1736
1736
1739
1739
1740
1740
1741
1742
1744
1746
1746
1750
1751
1751
1753
1753
1754
1755
1757
1758
1758
1759
1759
1759
1761
1761
1763
1763
1765
1766
1766
1767
1769
1772
1773
1776
1777
1778
1778
1778
1779
1780
1780
1781
1782
1783
1784
1785
1785
1785
1786
1787
1787
1788
1788
1789
1790
1791
1793
1793
1793
1794
1794
1795
1796
1797
1799
1800
1800
1805
1805
1806
1808
1808
1809
1811
1813
1813
1813
1814
1816
1816
1820
1821
1822
1822
1823
1823
1826
1827
1828
1829
1830
1830
1831
1831
1832
1832
1833
1833
1834
1834
1835
1835
1836
1837
1840
1842
1843
1844
1844
1844
1846
1846
1847
1847
1853
1853
1854
1855
1855
1859
1859
1860
1861
1861
1861
1863
1864
1865
1865
1865
1866
1868
1868
1870
1871
1871
1872
1872
1873
1878
1879
1880
1881
1883
1883
1883
1883
1884
1886
1887
1887
1888
1888
1889
1891
1892
1893
1894
1894
1895
1897
1898
1900
1900
1901
1907
1910
1910
1914
1915
1915
1916
1916
1917
1918
1918
1919
1921
1921
1924
1924
1927
1929
1931
1932
1934
1937
1939
1940
1940
1941
1942
1942
1942
1943
1944
1944
1946
1946
1947
1949
1950
1950
1953
1953
1953
1955
1956
1957
1957
1957
1958
1960
1960
1963
1964
1965
1966
1968
1969
1970
1971
1972
1973
1974
1975
1976
1978
1978
1979
1979
1979
1981
1982
1984
1985
1985
1986
1986
1987
1987
1987
1988
1988
1988
1989
1990
1993
1994
1995
1995
1995
1996
1996
1998
1998
2002
2003
2004
2004
2004
2005
2009
2009
2010
2012
2016
2018
2018
2018
2019
2019
2019
2020
2020
2022
2022
2022
2023
2023
2025
2027
2027
2028
2029
2029
2030
2030
2030
2031
2031
2032
2032
2032
2032
2033
2037
2038
2039
2040
2040
2040
2040
2041
2042
2042
2043
2043
2045
2046
2046
2047
2053
2053
2053
2054
2057
2058
2058
2061
2062
2062
2063
2066
2066
2066
2067
2069
2071
2072
2074
2074
2075
2075
2075
2076
2078
2078
2080
2082
2082
2083
2084
2084
2084
2084
2084
2085
2085
2085
2086
2088
2088
2089
2089
2090
2090
2090
2091
2091
2091
2091
2092
2093
2094
2095
2095
2095
2100
2101
2101
2101
2102
2103
2103
2105
2109
2109
2109
2109
2110
2114
2114
2115
2116
2116
2120
2120
2120
2121
2123
2125
2128
2130
2133
2134
2137
2137
2138
2141
2141
2142
2142
2142
2143
2143
2143
2144
2146
2148
2149
2149
2149
2150
2150
2152
2152
2154
2155
2155
2158
2159
2159
2160
2160
2161
2162
2162
2162
2166
2168
2168
2174
2177
2178
2179
2182
2182
2183
2183
2183
2185
2186
2188
2188
2188
2189
2189
2190
2190
2194
2195
2196
2197
2199
2200
2200
2200
2201
2201
2203
2204
2205
2206
2206
2207
2207
2207
2207
2208
2209
2209
2211
2212
2215
2215
2216
2216
2218
2219
2220
2222
2222
2223
2224
2224
2224
2226
2226
2227
2228
2228
2229
2230
2232
2234
2235
2236
2236
2238
2239
2240
2242
2243
2243
2248
2250
2251
2252
2253
2254
2256
2256
2256
2257
2261
2262
2265
2267
2274
2275
2276
2278
2279
2281
2284
2286
2286
2288
2288
2289
2289
2290
2292
2292
2293
2293
2293
2297
2298
2298
2298
2299
2300
2301
2301
2304
2305
2305
2306
2307
2308
2308
2308
2309
2310
2311
2312
2312
2313
2313
2313
2315
2316
2316
2316
2317
2318
2318
2319
2319
2320
2320
2320
2320
2321
2321
2321
2324
2324
2324
2325
2325
2326
2326
2331
2333
2334
2334
2336
2336
2338
2339
2340
2340
2340
2342
2342
2344
2345
2347
2348
2348
2350
2350
2351
2351
2351
2351
2353
2354
2354
2356
2358
2358
2358
2359
2359
2361
2363
2364
2365
2370
2372
2373
2373
2375
2375
2376
2377
2380
2380
2380
2380
2381
2383
2384
2384
2384
2385
2386
2387
2388
2388
2388
2388
2391
2391
2398
2398
2398
2398
2399
2400
2400
2402
2402
2403
2404
2405
2408
2410
2412
2414
2415
2418
2419
2420
2423
2424
2424
2424
2425
2426
2426
2427
2430
2430
2432
2433
2434
2434
2436
2437
2437
2439
2439
2441
2441
2442
2442
2442
2443
2443
2444
2444
2445
2445
2446
2446
2446
2447
2448
2449
2449
2450
2451
2453
2453
2453
2453
2455
2456
2457
2457
2457
2457
2457
2458
2458
2459
2461
2461
2464
2464
2464
2465
2465
2466
2466
2467
2468
2469
2470
2471
2471
2473
2475
2475
2476
2477
2479
2479
2479
2479
2482
2483
2485
2486
2486
2487
2488
2489
2491
2493
2493
2495
2495
2495
2495
2495
2495
2497
2498
2498
2499
2500
2503
2505
2505
2505
2506
2508
2509
2511
2511
2514
2515
2516
2516
2516
2519
2519
2520
2521
2522
2524
2526
2527
2528
2528
2529
2529
2529
2529
2530
2530
2530
2534
2536
2537
2537
2539
2539
2540
2540
2541
2542
2543
2543
2544
2546
2546
2547
2547
2548
2549
2550
2550
2551
2552
2552
2553
2553
2555
2555
2556
2556
2557
2558
2558
2559
2562
2562
2564
2565
2566
2566
2567
2567
2567
2568
2569
2571
2573
2574
2576
2579
2579
2580
2581
2581
2584
2584
2586
2587
2588
2588
2588
2589
2590
2590
2592
2593
2594
2594
2595
2596
2596
2601
2603
2603
2604
2605
2607
2608
2608
2609
2610
2612
2612
2613
2613
2614
2615
2620
2620
2620
2621
2622
2624
2624
2624
2624
2625
2627
2627
2627
2628
2629
2629
2630
2634
2635
2635
2635
2635
2636
2638
2638
2639
2639
2640
2640
2642
2642
2643
2645
2645
2647
2647
2647
2647
2649
2650
2651
2651
2652
2652
2653
2654
2655
2656
2657
2661
2661
2663
2663
2667
2669
2669
2671
2672
2674
2675
2676
2677
2679
2680
2681
2683
2683
2683
2683
2684
2686
2686
2686
2686
2686
2689
2689
2690
2690
2691
2693
2694
2694
2696
2697
2698
2698
2698
2699
2701
2702
2702
2703
2704
2704
2708
2709
2710
2710
2712
2713
2713
2714
2715
2715
2717
2717
2717
2718
2718
2718
2719
2720
2720
2722
2724
2725
2725
2726
2727
2727
2727
2728
2729
2730
2731
2732
2732
2733
2733
2734
2734
2735
2737
2739
2739
2741
2742
2742
2743
2744
2744
2744
2744
2744
2745
2746
2749
2749
2750
2751
2751
2752
2753
2754
2754
2754
2756
2757
2757
2758
2759
2760
2761
2762
2765
2765
2766
2767
2767
2767
2768
2768
2771
2771
2771
2773
2775
2775
2776
2777
2778
2778
2779
2780
2780
2780
2781
2781
2782
2782
2782
2783
2783
2783
2784
2787
2788
2789
2789
2790
2791
2792
2794
2794
2796
2797
2798
2798
2800
2800
2800
2803
2805
2808
2809
2811
2813
2814
2815
2816
2817
2817
2819
2819
2820
2820
2821
2821
2822
2823
2826
2828
2829
2829
2829
2831
2832
2832
2833
2835
2836
2838
2838
2838
2839
2840
2840
2841
2842
2846
2846
2848
2850
2855
2855
2858
2859
2860
2861
2862
2862
2862
2863
2869
2870
2871
2872
2872
2874
2874
2875
2876
2876
2876
2880
2881
2881
2882
2883
2883
2883
2886
2887
2887
2889
2890
2890
2893
2896
2897
2897
2901
2901
2903
2904
2904
2907
2910
2910
2910
2912
2913
2913
2914
2916
2917
2918
2920
2921
2922
2923
2924
2925
2925
2927
2927
2927
2928
2929
2929
2930
2931
2931
2934
2935
2935
2935
2936
2936
2938
2941
2942
2944
2947
2950
2952
2952
2953
2955
2955
2956
2956
2957
2957
2957
2958
2960
2960
2961
2961
2962
2964
2967
2967
2969
2969
2970
2970
2975
2975
2975
2976
2976
2979
2980
2980
2980
2981
2982
2983
2983
2984
2984
2984
2984
2986
2988
2991
2992
2993
2995
2995
2995
2995
2996
2999
3000
3000
3000
3002
3003
3003
3005
3006
3007
3007
3007
3008
3008
3012
3013
3014
3016
3018
3019
3020
3021
3022
3022
3024
3025
3025
3025
3025
3026
3027
3029
3030
3032
3034
3034
3036
3037
3037
3038
3040
3041
3041
3042
3044
3045
3046
3046
3047
3047
3048
3050
3050
3051
3052
3054
3054
3054
3054
3055
3056
3057
3057
3058
3059
3060
3061
3063
3064
3065
3069
3071
3072
3073
3078
3079
3079
3080
3081
3081
3082
3082
3083
3083
3085
3086
3086
3089
3092
3093
3094
3095
3097
3097
3098
3098
3098
3099
3100
3101
3103
3103
3105
3106
3107
3108
3110
3112
3113
3113
3114
3114
3114
3116
3118
3118
3118
3119
3119
3120
3121
3122
3122
3123
3126
3126
3126
3127
3128
3128
3128
3129
3130
3130
3132
3133
3134
3135
3135
3135
3135
3136
3138
3140
3142
3142
3143
3144
3144
3146
3148
3149
3149
3149
3150
3152
3154
3154
3155
3155
3156
3157
3157
3159
3161
3162
3162
3162
3163
3163
3163
3165
3166
3166
3167
3168
3171
3171
3172
3172
3172
3174
3176
3176
3177
3177
3180
3180
3181
3184
3184
3185
3187
3187
3188
3188
3188
3189
3189
3191
3192
3192
3193
3193
3196
3197
3198
3199
3199
3199
3199
3200
3201
3201
3202
3205
3205
3206
3207
3207
3207
3208
3209
3211
3212
3212
3212
3213
3213
3214
3218
3218
3222
3224
3225
3225
3225
3227
3232
3233
3234
3235
3237
3237
3238
3238
3239
3240
3241
3246
3246
3248
3248
3249
3250
3250
3250
3251
3252
3252
3254
3257
3257
3260
3261
3261
3261
3262
3262
3263
3264
3264
3265
3267
3267
3268
3269
3269
3270
3271
3271
3273
3274
3274
3275
3276
3278
3278
3281
3281
3282
3282
3282
3283
3283
3284
3284
3284
3288
3289
3289
3290
3292
3293
3294
3295
3295
3295
3296
3302
3302
3302
3302
3303
3305
3306
3307
3307
3309
3310
3311
3311
3312
3315
3316
3316
3317
3318
3319
3319
3319
3320
3321
3321
3323
3323
3324
3324
3324
3325
3326
3327
3327
3328
3329
3330
3330
3332
3332
3333
3333
3334
3336
3339
3339
3340
3342
3342
3342
3345
3345
3346
3346
3349
3349
3350
3351
3351
3353
3353
3353
3354
3356
3356
3356
3357
3358
3359
3359
3360
3361
3361
3362
3364
3365
3367
3368
3368
3369
3373
3373
3375
3375
3377
3377
3380
3383
3384
3386
3386
3387
3388
3390
3391
3391
3391
3391
3392
3393
3393
3394
3394
3395
3396
3396
3396
3396
3398
3398
3399
3400
3400
3401
3402
3403
3406
3406
3409
3410
3412
3412
3414
3414
3414
3415
3416
3418
3418
3420
3420
3420
3422
3423
3424
3424
3425
3428
3429
3430
3432
3436
3437
3438
3439
3439
3440
3440
3440
3440
3441
3441
3441
3442
3443
3444
3444
3445
3445
3446
3446
3448
3448
3448
3450
3450
3451
3452
3454
3454
3455
3457
3457
3457
3457
3459
3459
3459
3461
3463
3464
3464
3465
3466
3466
3466
3467
3468
3471
3472
3473
3475
3476
3476
3476
3476
3477
3478
3478
3478
3478
3483
3484
3485
3486
3487
3488
3488
3492
3492
3495
3496
3496
3497
3498
3499
3499
3499
3504
3505
3506
3506
3506
3506
3507
3509
3510
3511
3513
3517
3519
3520
3520
3521
3521
3522
3523
3523
3525
3527
3528
3529
3529
3534
3535
3537
3537
3538
3538
3539
3540
3541
3541
3542
3542
3543
3545
3547
3547
3548
3549
3550
3551
3552
3554
3556
3559
3561
3562
3565
3567
3567
3567
3568
3569
3571
3575
3576
3576
3577
3577
3579
3581
3581
3583
3585
3585
3586
3586
3587
3587
3588
3589
3591
3592
3594
3596
3596
3596
3597
3597
3597
3598
3599
3600
3601
3602
3604
3605
3606
3607
3608
3608
3609
3609
3609
3611
3613
3614
3616
3617
3619
3619
3619
3620
3622
3622
3622
3625
3625
3625
3626
3626
3626
3627
3629
3629
3630
3631
3632
3635
3635
3638
3642
3644
3644
3645
3645
3645
3646
3647
3649
3649
3650
3651
3652
3654
3656
3658
3658
3661
3662
3663
3665
3665
3665
3666
3667
3667
3668
3669
3670
3670
3671
3672
3672
3672
3672
3672
3673
3673
3674
3678
3679
3682
3683
3683
3683
3683
3684
3684
3686
3687
3689
3690
3690
3691
3693
3694
3695
3695
3697
3697
3699
3701
3701
3703
3703
3704
3704
3706
3706
3707
3708
3710
3712
3712
3712
3713
3713
3714
3716
3716
3717
3717
3717
3719
3720
3720
3720
3721
3722
3723
3724
3725
3725
3727
3727
3730
3730
3730
3730
3731
3733
3734
3734
3734
3735
3735
3736
3737
3738
3739
3741
3741
3741
3741
3742
3742
3743
3745
3747
3747
3748
3749
3751
3754
3755
3755
3756
3757
3758
3758
3760
3761
3762
3762
3764
3765
3765
3766
3767
3767
3769
3769
3770
3771
3772
3777
3777
3778
3778
3779
3779
3781
3782
3783
3784
3784
3785
3786
3789
3792
3793
3794
3796
3797
3797
3797
3798
3799
3799
3799
3802
3802
3803
3804
3806
3806
3806
3807
3807
3808
3808
3809
3810
3812
3817
3817
3817
3818
3820
3820
3823
3823
3823
3825
3825
3826
3826
3827
3827
3827
3828
3828
3830
3830
3830
3831
3831
3832
3832
3834
3835
3836
3837
3838
3838
3839
3839
3840
3841
3841
3841
3841
3843
3844
3844
3846
3847
3847
3848
3849
3850
3850
3852
3853
3853
3853
3855
3856
3856
3856
3856
3857
3857
3858
3858
3860
3861
3861
3861
3862
3864
3864
3865
3867
3868
3868
3869
3869
3870
3871
3873
3873
3876
3877
3879
3879
3879
3879
3882
3882
3883
3884
3886
3886
3886
3887
3887
3887
3888
3888
3888
3891
3891
3891
3894
3894
3895
3897
3900
3902
3903
3903
3903
3903
3904
3905
3910
3911
3911
3912
3913
3913
3914
3915
3915
3916
3918
3918
3919
3919
3923
3925
3927
3927
3929
3930
3931
3932
3934
3936
3937
3938
3938
3942
3943
3943
3944
3946
3947
3948
3953
3953
3953
3953
3954
3955
3956
3956
3957
3958
3958
3959
3959
3960
3960
3961
3964
3964
3965
3965
3965
3966
3966
3967
3968
3969
3969
3969
3971
3972
3972
3973
3973
3973
3974
3974
3975
3976
3976
3976
3977
3978
3978
3978
3979
3980
3981
3983
3987
3987
3988
3988
3989
3989
3994
3995
3997
3997
3998
3999
3999
3999
4001
4002
4002
4004
4004
4005
4007
4007
4007
4008
4009
4009
4009
4010
4010
4010
4014
4014
4015
4015
4015
4016
4016
4016
4020
4020
4020
4020
4024
4025
4026
4029
4030
4031
4031
4032
4033
4034
4034
4034
4037
4037
4037
4040
4040
4040
4041
4042
4044
4045
4046
4047
4048
4049
4049
4051
4052
4055
4056
4056
4057
4057
4058
4059
4060
4064
4066
4066
4067
4067
4067
4069
4070
4074
4074
4074
4077
4079
4080
4080
4082
4083
4083
4083
4084
4085
4085
4085
4085
4087
4088
4089
4091
4092
4095
4096
4097
4097
4098
4098
4099
4099
4100
4101
4104
4105
4106
4109
4111
4112
4113
4113
4114
4114
4115
4119
4123
4123
4126
4128
4129
4129
4130
4130
4131
4131
4132
4134
4136
4136
4137
4138
4138
4139
4142
4143
4143
4144
4147
4147
4147
4150
4151
4152
4152
4154
4154
4154
4154
4156
4158
4158
4158
4161
4162
4162
4163
4164
4166
4166
4167
4170
4170
4171
4173
4175
4175
4175
4177
4177
4177
4180
4180
4181
4182
4183
4183
4184
4185
4185
4186
4187
4189
4189
4192
4192
4196
4196
4197
4199
4200
4200
4201
4201
4203
4203
4204
4204
4204
4205
4207
4209
4209
4210
4210
4213
4213
4213
4214
4217
4218
4219
4219
4220
4220
4221
4222
4222
4224
4225
4225
4225
4225
4226
4230
4230
4231
4233
4235
4235
4236
4238
4239
4241
4242
4242
4242
4243
4245
4245
4246
4248
4249
4249
4251
4254
4255
4255
4255
4255
4257
4257
4258
4258
4258
4259
4259
4261
4261
4262
4262
4263
4263
4263
4263
4264
4265
4265
4265
4269
4271
4272
4273
4273
4275
4275
4276
4278
4279
4280
4283
4283
4284
4284
4285
4285
4287
4288
4290
4291
4291
4292
4294
4296
4296
4299
4300
4300
4300
4301
4301
4301
4302
4302
4303
4303
4304
4304
4307
4308
4312
4312
4314
4315
4315
4315
4315
4316
4316
4318
4318
4321
4324
4326
4326
4327
4330
4330
4331
4333
4333
4333
4335
4336
4337
4340
4342
4344
4347
4348
4350
4350
4351
4351
4353
4354
4355
4356
4356
4358
4359
4359
4362
4363
4363
4365
4367
4368
4368
4368
4372
4376
4376
4377
4377
4377
4379
4379
4379
4380
4381
4381
4385
4385
4387
4387
4387
4388
4391
4393
4393
4396
4396
4397
4397
4398
4398
4398
4399
4400
4403
4403
4403
4403
4403
4403
4405
4406
4406
4406
4407
4408
4408
4409
4409
4410
4410
4413
4413
4414
4416
4417
4417
4417
4420
4423
4423
4426
4428
4430
4430
4431
4432
4433
4437
4439
4440
4441
4441
4441
4441
4443
4443
4445
4448
4450
4451
4452
4455
4457
4459
4459
4460
4460
4463
4463
4464
4465
4466
4466
4468
4468
4469
4470
4470
4471
4472
4473
4473
4475
4476
4476
4479
4481
4481
4484
4485
4488
4488
4489
4490
4492
4492
4495
4495
4496
4499
4500
4500
4502
4504
4505
4506
4506
4509
4509
4511
4512
4513
4514
4515
4517
4517
4518
4522
4522
4522
4524
4524
4524
4524
4524
4525
4525
4526
4529
4529
4529
4530
4530
4532
4532
4532
4534
4535
4537
4537
4538
4539
4541
4543
4546
4547
4549
4552
4552
4552
4553
4554
4555
4555
4555
4555
4558
4560
4562
4563
4564
4564
4567
4567
4567
4568
4568
4569
4569
4571
4572
4572
4573
4573
4574
4576
4577
4578
4578
4579
4580
4581
4581
4581
4581
4582
4582
4582
4583
4584
4586
4587
4587
4589
4591
4593
4594
4594
4596
4596
4598
4599
4600
4600
4601
4602
4605
4606
4606
4606
4609
4611
4611
4612
4614
4614
4615
4617
4617
4620
4622
4623
4624
4625
4625
4625
4629
4629
4630
4631
4632
4632
4633
4634
4634
4634
4636
4638
4639
4639
4642
4642
4642
4644
4645
4646
4646
4646
4647
4649
4649
4650
4651
4653
4654
4654
4656
4658
4661
4662
4666
4668
4669
4671
4672
4672
4672
4673
4674
4675
4677
4678
4679
4679
4679
4682
4682
4683
4686
4688
4688
4689
4690
4691
4691
4692
4692
4692
4693
4694
4695
4696
4697
4698
4699
4699
4700
4700
4700
4701
4702
4702
4703
4703
4703
4703
4705
4705
4706
4706
4708
4708
4710
4712
4714
4715
4715
4715
4717
4718
4718
4719
4721
4721
4722
4723
4723
4723
4725
4726
4726
4727
4728
4728
4730
4731
4731
4732
4733
4737
4737
4739
4739
4739
4741
4744
4744
4745
4746
4746
4746
4747
4747
4748
4749
4749
4749
4751
4752
4753
4754
4758
4759
4764
4766
4769
4770
4771
4771
4773
4775
4777
4777
4777
4778
4780
4780
4780
4781
4782
4783
4786
4786
4786
4787
4788
4788
4788
4790
4791
4791
4792
4792
4793
4796
4797
4797
4798
4799
4799
4800
4801
4801
4803
4805
4806
4806
4810
4810
4810
4810
4810
4811
4811
4811
4813
4813
4815
4815
4816
4816
4817
4818
4819
4819
4822
4823
4824
4826
4828
4829
4829
4830
4830
4830
4833
4834
4835
4835
4835
4836
4839
4840
4841
4842
4842
4843
4844
4844
4845
4845
4846
4848
4848
4848
4855
4855
4855
4857
4858
4858
4858
4858
4859
4860
4861
4863
4866
4867
4867
4868
4868
4869
4870
4872
4872
4873
4875
4876
4879
4881
4881
4882
4882
4884
4884
4884
4887
4887
4889
4890
4890
4892
4892
4893
4893
4894
4894
4895
4895
4897
4899
4899
4901
4901
4902
4903
4903
4904
4906
4912
4913
4914
4917
4918
4919
4920
4922
4923
4925
4925
4927
4929
4932
4937
4938
4938
4940
4942
4943
4943
4944
4944
4945
4946
4947
4947
4948
4948
4950
4956
4957
4958
4958
4959
4959
4961
4963
4963
4964
4964
4965
4965
4965
4966
4966
4968
4969
4970
4970
4974
4975
4976
4980
4980
4981
4982
4986
4988
4989
4990
4990
4991
4993
4995
4995
4996
4998
4998
4998
4999
5000
5003
5005
5007
5011
5012
5012
5013
5014
5015
5016
5016
5017
5018
5021
5021
5021
5022
5022
5025
5027
5027
5028
5031
5032
5033
5033
5033
5034
5034
5035
5037
5038
5038
5039
5042
5042
5046
5046
5046
5047
5048
5049
5049
5049
5050
5050
5050
5051
5052
5054
5054
5056
5056
5057
5057
5058
5060
5062
5062
5064
5065
5065
5069
5069
5070
5070
5073
5073
5076
5076
5076
5077
5077
5080
5081
5081
5082
5082
5082
5082
5085
5086
5086
5087
5088
5088
5088
5088
5088
5090
5090
5091
5092
5093
5093
5095
5097
5098
5099
5099
5100
5101
5102
5103
5103
5105
5106
5112
5113
5114
5116
5117
5118
5119
5120
5122
5123
5123
5123
5124
5126
5127
5128
5129
5129
5130
5133
5134
5135
5135
5136
5136
5137
5137
5137
5139
5140
5140
5141
5143
5145
5145
5147
5148
5150
5150
5151
5153
5153
5155
5157
5158
5158
5158
5159
5160
5160
5160
5161
5162
5163
5164
5164
5165
5166
5168
5168
5169
5169
5170
5170
5170
5174
5175
5176
5178
5180
5182
5182
5184
5185
5186
5186
5186
5187
5187
5188
5188
5190
5190
5190
5191
5192
5194
5196
5198
5198
5199
5199
5200
5200
5203
5204
5204
5205
5205
5208
5208
5211
5212
5213
5214
5218
5219
5220
5225
5228
5229
5231
5232
5233
5233
5235
5235
5235
5237
5237
5237
5238
5240
5240
5241
5242
5242
5243
5245
5246
5246
5248
5249
5249
5250
5250
5250
5250
5251
5251
5252
5255
5255
5255
5258
5258
5259
5260
5263
5265
5268
5270
5270
5270
5271
5271
5272
5273
5274
5275
5276
5276
5277
5277
5278
5279
5280
5284
5284
5285
5286
5290
5291
5291
5291
5292
5294
5298
5298
5301
5301
5301
5302
5302
5303
5303
5303
5303
5304
5306
5306
5307
5309
5309
5309
5311
5311
5311
5312
5313
5315
5315
5316
5317
5318
5319
5319
5321
5321
5321
5321
5322
5322
5324
5326
5326
5326
5326
5327
5327
5329
5330
5332
5332
5332
5333
5334
5335
5335
5336
5337
5339
5339
5340
5340
5342
5344
5345
5346
5347
5347
5348
5349
5350
5353
5353
5356
5358
5358
5358
5360
5360
5361
5363
5365
5367
5368
5369
5369
5370
5371
5371
5372
5373
5376
5378
5379
5379
5383
5385
5387
5388
5388
5389
5389
5389
5389
5391
5391
5393
5394
5395
5395
5395
5400
5402
5402
5402
5403
5404
5404
5406
5407
5408
5409
5409
5410
5411
5411
5411
5412
5412
5413
5413
5415
5415
5415
5418
5419
5419
5419
5421
5423
5425
5425
5430
5430
5430
5433
5434
5435
5437
5439
5439
5439
5443
5444
5445
5445
5446
5449
5450
5451
5455
5456
5456
5457
5457
5458
5458
5458
5460
5461
5461
5462
5462
5463
5465
5466
5467
5468
5469
5470
5471
5472
5473
5473
5474
5475
5478
5478
5479
5479
5481
5482
5482
5484
5484
5484
5484
5487
5487
5488
5488
5489
5489
5490
5491
5493
5497
5497
5499
5499
5499
5500
5500
5503
5504
5504
5505
5508
5508
5513
5514
5516
5517
5518
5518
5518
5520
5521
5522
5523
5524
5525
5529
5532
5534
5535
5538
5540
5543
5543
5544
5544
5544
5544
5546
5548
5549
5550
5551
5553
5554
5554
5555
5555
5555
5555
5556
5557
5558
5558
5559
5560
5561
5563
5564
5564
5567
5568
5569
5570
5570
5570
5571
5573
5573
5574
5575
5576
5576
5576
5577
5577
5578
5578
5579
5580
5580
5581
5582
5584
5584
5585
5586
5586
5586
5586
5588
5589
5594
5595
5596
5596
5597
5598
5598
5599
5600
5600
5601
5601
5602
5602
5603
5604
5606
5606
5607
5609
5609
5610
5610
5611
5611
5611
5613
5614
5615
5616
5617
5619
5619
5622
5622
5623
5625
5625
5626
5626
5627
5631
5631
5634
5635
5635
5636
5638
5638
5640
5640
5642
5642
5644
5645
5650
5651
5651
5653
5653
5653
5654
5654
5655
5658
5658
5658
5658
5659
5660
5660
5662
5665
5666
5667
5669
5669
5669
5670
5672
5672
5673
5673
5673
5674
5676
5676
5679
5679
5681
5681
5681
5683
5683
5685
5686
5686
5686
5686
5688
5690
5694
5695
5696
5697
5698
5701
5702
5702
5703
5704
5704
5705
5705
5707
5710
5710
5712
5712
5713
5713
5715
5717
5718
5718
5720
5720
5722
5723
5724
5725
5725
5728
5729
5733
5733
5733
5735
5736
5737
5738
5740
5740
5741
5742
5742
5742
5742
5743
5745
5745
5747
5749
5750
5755
5755
5755
5756
5757
5759
5760
5761
5761
5763
5763
5765
5768
5770
5770
5770
5770
5773
5776
5777
5779
5780
5782
5783
5783
5783
5784
5785
5786
5786
5787
5787
5789
5790
5790
5790
5790
5791
5792
5793
5793
5796
5797
5797
5797
5798
5799
5800
5800
5800
5802
5803
5804
5805
5807
5808
5809
5812
5812
5812
5813
5813
5813
5814
5816
5818
5822
5823
5826
5826
5828
5829
5830
5830
5831
5832
5834
5834
5834
5835
5835
5836
5837
5837
5839
5839
5839
5839
5840
5841
5842
5843
5843
5843
5843
5844
5845
5845
5846
5847
5847
5847
5847
5849
5850
5851
5851
5854
5854
5855
5857
5858
5864
5865
5866
5868
5869
5870
5872
5872
5873
5873
5873
5874
5874
5875
5875
5876
5877
5877
5877
5880
5881
5882
5883
5884
5886
5886
5887
5887
5887
5888
5888
5889
5890
5890
5891
5892
5893
5894
5895
5899
5900
5900
5901
5901
5902
5903
5904
5905
5905
5908
5910
5910
5911
5912
5914
5914
5915
5915
5917
5917
5920
5920
5923
5925
5925
5926
5926
5927
5927
5927
5928
5928
5929
5931
5932
5935
5936
5938
5938
5941
5941
5943
5944
5946
5947
5947
5951
5952
5952
5953
5955
5955
5957
5959
5960
5961
5961
5961
5963
5963
5965
5966
5968
5968
5969
5970
5971
5972
5973
5974
5978
5978
5978
5979
5979
5980
5980
5981
5982
5983
5984
5985
5988
5990
5990
5990
5991
5992
5995
5995
5997
5998
5999
6000
6001
6001
6001
6002
6003
6003
6006
6006
6006
6007
6008
6009
6010
6013
6013
6014
6014
6015
6016
6019
6021
6025
6026
6026
6027
6029
6030
6031
6031
6032
6032
6033
6034
6034
6035
6035
6037
6038
6038
6039
6040
6042
6043
6043
6045
6049
6049
6049
6051
6051
6053
6053
6054
6054
6055
6056
6056
6057
6058
6060
6060
6062
6062
6063
6066
6067
6067
6069
6070
6071
6072
6075
6075
6077
6078
6079
6080
6081
6082
6083
6086
6087
6087
6088
6088
6088
6089
6089
6091
6091
6091
6092
6093
6093
6093
6094
6095
6096
6097
6098
6098
6098
6098
6099
6099
6100
6102
6102
6103
6106
6107
6109
6113
6113
6114
6115
6115
6116
6117
6117
6120
6121
6122
6122
6123
6123
6123
6124
6124
6130
6132
6133
6134
6134
6136
6137
6138
6139
6142
6142
6145
6145
6146
6147
6147
6148
6148
6148
6150
6151
6151
6151
6157
6157
6158
6158
6158
6158
6160
6160
6161
6163
6163
6164
6165
6165
6167
6167
6168
6169
6170
6170
6171
6172
6172
6173
6174
6174
6175
6175
6178
6178
6179
6179
6179
6180
6183
6183
6184
6184
6185
6185
6186
6187
6188
6189
6191
6192
6193
6193
6194
6195
6197
6199
6200
6201
6201
6202
6202
6202
6202
6205
6205
6207
6207
6208
6210
6211
6213
6215
6215
6218
6218
6219
6219
6220
6221
6222
6223
6224
6226
6227
6227
6229
6229
6229
6229
6231
6232
6234
6234
6236
6236
6237
6238
6239
6239
6241
6242
6243
6244
6244
6245
6245
6247
6247
6248
6249
6250
6251
6251
6251
6251
6251
6251
6254
6256
6256
6256
6257
6258
6260
6263
6264
6266
6267
6267
6269
6271
6274
6275
6275
6276
6276
6277
6277
6281
6281
6282
6282
6284
6286
6286
6287
6287
6289
6291
6292
6292
6292
6294
6294
6295
6295
6295
6295
6297
6297
6297
6298
6300
6300
6300
6301
6303
6303
6303
6303
6305
6305
6306
6306
6306
6308
6308
6308
6308
6309
6313
6313
6313
6317
6317
6319
6319
6320
6320
6321
6322
6322
6323
6324
6324
6325
6326
6327
6328
6332
6333
6335
6336
6336
6336
6337
6337
6337
6340
6340
6343
6344
6344
6346
6346
6347
6348
6349
6350
6351
6351
6352
6353
6354
6354
6356
6357
6357
6357
6358
6359
6361
6361
6364
6364
6366
6367
6368
6368
6373
6373
6374
6374
6374
6374
6375
6377
6378
6378
6379
6380
6382
6384
6385
6386
6387
6390
6393
6394
6396
6398
6398
6399
6400
6401
6402
6406
6406
6409
6412
6413
6414
6414
6416
6416
6418
6419
6422
6422
6423
6424
6424
6428
6430
6430
6430
6430
6431
6431
6433
6434
6434
6436
6438
6438
6439
6439
6440
6440
6442
6443
6443
6443
6445
6448
6448
6448
6451
6452
6452
6452
6453
6455
6455
6459
6459
6460
6462
6462
6463
6464
6465
6465
6466
6466
6467
6467
6469
6469
6469
6470
6472
6473
6473
6473
6474
6474
6474
6475
6475
6475
6476
6477
6479
6479
6480
6480
6483
6483
6484
6485
6486
6487
6487
6487
6487
6489
6489
6490
6490
6492
6493
6493
6493
6495
6497
6500
6500
6502
6503
6503
6504
6506
6508
6509
6510
6510
6515
6516
6517
6517
6518
6521
6521
6522
6523
6525
6526
6526
6526
6527
6527
6528
6529
6530
6530
6530
6530
6532
6532
6532
6535
6535
6536
6537
6538
6539
6544
6544
6545
6545
6547
6549
6552
6552
6552
6554
6555
6556
6559
6559
6560
6561
6563
6563
6563
6563
6563
6564
6564
6565
6566
6566
6567
6567
6568
6569
6569
6571
6572
6573
6576
6577
6577
6580
6581
6582
6583
6584
6585
6586
6588
6588
6589
6589
6590
6590
6592
6593
6593
6593
6595
6597
6597
6603
6604
6605
6606
6606
6608
6610
6610
6610
6611
6611
6611
6611
6612
6613
6616
6617
6618
6619
6619
6620
6620
6620
6624
6625
6625
6625
6626
6626
6627
6628
6628
6629
6629
6629
6630
6630
6631
6633
6633
6633
6634
6635
6636
6636
6637
6638
6639
6641
6642
6643
6643
6643
6643
6643
6644
6644
6645
6649
6651
6652
6654
6654
6655
6655
6657
6657
6658
6658
6659
6659
6660
6660
6661
6662
6665
6667
6667
6667
6668
6669
6669
6671
6673
6676
6677
6679
6679
6679
6680
6681
6683
6684
6684
6687
6690
6692
6693
6694
6694
6694
6695
6695
6696
6698
6700
6703
6703
6704
6705
6705
6705
6705
6705
6706
6706
6708
6709
6709
6712
6713
6713
6714
6714
6716
6716
6718
6719
6719
6719
6720
6721
6721
6724
6725
6725
6728
6728
6729
6730
6733
6733
6734
6734
6736
6739
6741
6743
6746
6746
6748
6749
6750
6751
6751
6752
6752
6752
6752
6753
6754
6755
6756
6757
6758
6759
6760
6762
6763
6763
6763
6767
6768
6768
6769
6769
6770
6771
6772
6774
6774
6775
6775
6777
6778
6780
6780
6780
6781
6782
6784
6784
6784
6784
6787
6788
6789
6790
6790
6790
6791
6792
6792
6793
6794
6796
6798
6799
6799
6802
6804
6804
6805
6805
6806
6807
6808
6808
6809
6811
6812
6814
6816
6816
6817
6817
6820
6821
6821
6822
6824
6825
6827
6828
6828
6829
6830
6830
6831
6832
6832
6833
6834
6834
6835
6835
6838
6838
6838
6838
6839
6841
6841
6842
6843
6844
6844
6845
6846
6847
6848
6849
6850
6852
6852
6853
6853
6854
6856
6857
6857
6858
6859
6860
6860
6861
6862
6864
6864
6864
6865
6866
6866
6867
6868
6868
6868
6870
6871
6872
6872
6873
6873
6874
6877
6878
6879
6880
6881
6882
6886
6886
6887
6888
6889
6889
6891
6892
6892
6892
6894
6894
6896
6897
6897
6898
6898
6898
6904
6904
6905
6907
6908
6911
6911
6911
6912
6913
6914
6915
6915
6917
6918
6920
6921
6922
6928
6929
6930
6930
6931
6932
6933
6933
6937
6937
6938
6938
6939
6939
6940
6940
6940
6941
6941
6942
6943
6944
6946
6947
6948
6949
6949
6949
6950
6953
6954
6954
6954
6955
6956
6957
6957
6958
6959
6960
6962
6962
6964
6965
6966
6967
6970
6973
6974
6975
6976
6977
6979
6981
6981
6982
6983
6983
6986
6986
6988
6988
6989
6989
6989
6993
6994
6994
6995
6998
6999
7001
7001
7002
7003
7004
7010
7010
7010
7010
7012
7012
7013
7013
7014
7015
7018
7018
7019
7019
7021
7022
7023
7025
7025
7027
7027
7027
7029
7031
7032
7034
7034
7039
7041
7043
7043
7044
7044
7046
7046
7046
7047
7048
7048
7048
7048
7048
7049
7049
7049
7050
7053
7054
7054
7054
7055
7056
7056
7057
7058
7061
7065
7066
7066
7067
7068
7068
7069
7070
7070
7072
7073
7073
7074
7075
7076
7076
7076
7079
7080
7081
7084
7085
7085
7090
7090
7093
7094
7094
7094
7095
7095
7097
7098
7098
7099
7100
7101
7102
7104
7106
7109
7110
7111
7113
7113
7115
7115
7115
7115
7117
7120
7120
7123
7126
7126
7129
7129
7130
7132
7132
7134
7134
7137
7137
7138
7141
7145
7148
7148
7150
7150
7152
7153
7153
7157
7158
7159
7160
7160
7161
7162
7163
7163
7165
7165
7166
7167
7168
7169
7170
7172
7174
7174
7176
7176
7177
7183
7183
7184
7184
7185
7185
7186
7189
7190
7190
7192
7192
7192
7192
7192
7193
7194
7196
7196
7196
7197
7197
7199
7199
7199
7200
7200
7201
7201
7202
7202
7204
7205
7205
7206
7207
7207
7207
7207
7207
7208
7208
7211
7212
7213
7213
7215
7217
7218
7219
7219
7221
7222
7223
7223
7224
7225
7225
7225
7225
7226
7231
7231
7233
7236
7240
7240
7241
7242
7245
7246
7246
7248
7248
7250
7250
7250
7252
7253
7253
7254
7255
7255
7256
7257
7260
7262
7262
7264
7265
7265
7265
7267
7268
7268
7269
7270
7272
7272
7274
7274
7276
7276
7277
7277
7279
7280
7280
7280
7281
7281
7282
7283
7284
7285
7287
7292
7292
7294
7295
7295
7295
7295
7295
7296
7296
7298
7299
7303
7303
7304
7304
7304
7306
7306
7307
7307
7308
7308
7308
7308
7310
7311
7312
7313
7314
7314
7316
7317
7318
7319
7320
7321
7323
7324
7324
7326
7327
7328
7328
7329
7331
7332
7332
7334
7334
7336
7336
7337
7338
7339
7340
7341
7341
7341
7342
7343
7344
7344
7344
7345
7345
7346
7348
7349
7350
7350
7353
7354
7354
7357
7357
7358
7358
7360
7360
7361
7362
7362
7363
7363
7363
7364
7367
7368
7369
7370
7370
7371
7372
7372
7372
7373
7373
7373
7374
7376
7377
7378
7379
7379
7380
7380
7381
7382
7383
7383
7383
7385
7387
7389
7390
7391
7392
7393
7396
7396
7397
7397
7399
7401
7401
7401
7402
7404
7404
7404
7406
7406
7406
7407
7407
7407
7409
7410
7410
7412
7412
7413
7414
7416
7416
7417
7419
7422
7422
7423
7423
7424
7431
7431
7432
7434
7434
7435
7436
7436
7436
7436
7438
7438
7438
7438
7440
7440
7442
7442
7442
7444
7445
7446
7446
7447
7449
7454
7454
7458
7460
7462
7462
7463
7465
7465
7465
7466
7468
7468
7469
7469
7469
7470
7470
7470
7472
7472
7472
7473
7474
7478
7478
7481
7483
7484
7484
7484
7484
7486
7487
7487
7488
7488
7490
7495
7495
7495
7495
7496
7497
7501
7502
7502
7503
7504
7504
7505
7505
7507
7510
7512
7513
7514
7515
7516
7519
7520
7520
7521
7523
7523
7523
7527
7527
7528
7529
7530
7530
7532
7532
7533
7533
7535
7536
7537
7538
7538
7539
7541
7542
7543
7543
7544
7544
7545
7547
7548
7548
7548
7548
7551
7551
7552
7552
7553
7556
7556
7557
7557
7559
7559
7560
7560
7561
7561
7563
7563
7565
7567
7569
7571
7572
7572
7572
7577
7577
7579
7579
7579
7580
7581
7582
7582
7583
7584
7584
7586
7586
7591
7591
7591
7594
7594
7595
7597
7597
7598
7598
7599
7600
7600
7602
7602
7602
7602
7603
7603
7607
7608
7610
7611
7611
7612
7613
7613
7615
7616
7616
7617
7619
7620
7624
7624
7624
7625
7625
7630
7631
7631
7631
7632
7633
7633
7634
7635
7637
7638
7639
7640
7640
7640
7640
7640
7640
7642
7643
7644
7645
7646
7647
7649
7649
7650
7651
7654
7654
7655
7655
7656
7658
7658
7660
7663
7663
7663
7663
7664
7665
7665
7666
7666
7666
7667
7668
7670
7671
7675
7676
7676
7677
7677
7677
7679
7679
7680
7680
7682
7682
7685
7687
7689
7690
7690
7691
7691
7693
7693
7694
7695
7696
7696
7697
7697
7698
7699
7699
7700
7701
7703
7705
7706
7707
7708
7709
7709
7710
7710
7711
7712
7712
7714
7714
7716
7716
7716
7717
7717
7719
7721
7721
7722
7724
7729
7730
7731
7731
7732
7733
7734
7736
7739
7739
7742
7742
7743
7743
7744
7744
7746
7746
7746
7748
7748
7748
7749
7750
7753
7753
7753
7754
7757
7758
7759
7760
7762
7763
7764
7764
7765
7765
7765
7766
7766
7767
7767
7768
7769
7770
7771
7774
7776
7776
7777
7779
7782
7783
7783
7784
7784
7785
7787
7787
7787
7789
7792
7794
7796
7797
7799
7800
7803
7805
7806
7806
7807
7807
7807
7808
7809
7810
7810
7810
7810
7811
7811
7815
7816
7817
7817
7817
7817
7819
7824
7826
7827
7827
7827
7831
7831
7831
7835
7835
7836
7837
7837
7837
7837
7838
7838
7839
7839
7841
7841
7843
7844
7844
7844
7845
7847
7847
7848
7850
7850
7851
7851
7852
7854
7854
7855
7857
7857
7858
7858
7859
7859
7860
7860
7861
7861
7861
7862
7862
7862
7863
7866
7866
7868
7868
7869
7870
7871
7873
7874
7875
7876
7876
7878
7878
7881
7883
7883
7883
7884
7885
7886
7887
7888
7888
7891
7891
7893
7897
7898
7898
7899
7901
7903
7903
7904
7904
7906
7906
7907
7909
7910
7915
7916
7916
7917
7917
7917
7920
7920
7920
7921
7922
7924
7925
7926
7929
7930
7930
7932
7934
7936
7937
7937
7937
7939
7940
7940
7941
7941
7941
7941
7941
7942
7942
7943
7943
7943
7944
7944
7951
7952
7952
7954
7956
7956
7957
7958
7958
7959
7960
7961
7961
7961
7962
7963
7963
7963
7964
7965
7966
7966
7967
7969
7969
7969
7972
7973
7973
7975
7979
7979
7981
7983
7984
7985
7985
7986
7986
7987
7987
7987
7987
7992
7993
7993
7993
7993
7993
7994
7994
7996
7998
8000
8001
8005
8006
8006
8006
8006
8008
8008
8008
8013
8013
8015
8015
8015
8017
8018
8018
8020
8021
8023
8023
8027
8027
8028
8030
8031
8032
8033
8033
8036
8036
8036
8037
8038
8039
8042
8042
8043
8044
8044
8045
8045
8045
8046
8048
8048
8049
8052
8054
8055
8057
8059
8061
8063
8063
8064
8064
8065
8066
8066
8066
8067
8067
8067
8068
8069
8070
8071
8073
8073
8075
8076
8076
8077
8078
8079
8079
8080
8081
8082
8083
8083
8085
8087
8089
8090
8090
8091
8092
8093
8094
8094
8095
8095
8096
8097
8099
8101
8101
8103
8103
8105
8106
8108
8109
8109
8109
8111
8111
8112
8113
8115
8116
8118
8118
8119
8120
8122
8123
8123
8124
8124
8125
8130
8130
8131
8131
8132
8132
8136
8137
8138
8139
8139
8139
8139
8141
8142
8142
8143
8143
8144
8147
8149
8149
8150
8152
8152
8153
8153
8156
8157
8159
8159
8160
8162
8163
8163
8163
8163
8165
8165
8165
8167
8167
8167
8168
8170
8170
8170
8172
8173
8173
8174
8175
8183
8183
8185
8185
8185
8186
8187
8187
8188
8189
8191
8191
8192
8193
8196
8200
8201
8203
8203
8203
8205
8207
8212
8213
8213
8214
8215
8215
8216
8217
8219
8220
8223
8223
8225
8226
8227
8228
8230
8231
8231
8231
8234
8234
8234
8236
8237
8238
8239
8239
8240
8241
8241
8241
8244
8244
8248
8249
8251
8254
8254
8254
8255
8255
8257
8260
8262
8262
8264
8267
8267
8267
8267
8268
8269
8271
8271
8273
8278
8279
8279
8280
8281
8281
8281
8282
8283
8284
8284
8284
8285
8285
8286
8286
8289
8289
8290
8291
8292
8295
8298
8298
8299
8300
8302
8304
8306
8306
8306
8308
8308
8308
8309
8309
8311
8311
8311
8312
8313
8313
8313
8313
8314
8315
8315
8318
8318
8318
8318
8319
8319
8319
8320
8321
8321
8321
8322
8322
8323
8325
8326
8326
8327
8327
8328
8328
8328
8330
8330
8331
8332
8334
8336
8338
8340
8340
8342
8342
8345
8346
8347
8348
8350
8352
8353
8353
8359
8361
8362
8363
8363
8365
8366
8366
8366
8368
8369
8370
8377
8377
8378
8379
8379
8380
8382
8382
8383
8384
8384
8386
8386
8387
8388
8392
8392
8392
8392
8393
8394
8395
8395
8395
8398
8400
8402
8403
8403
8405
8406
8407
8407
8408
8408
8408
8409
8410
8410
8410
8412
8414
8415
8417
8418
8418
8418
8420
8420
8420
8422
8425
8428
8429
8429
8429
8431
8434
8435
8436
8436
8436
8437
8438
8438
8438
8439
8441
8441
8443
8444
8444
8445
8446
8447
8448
8449
8450
8452
8452
8453
8455
8456
8456
8456
8457
8460
8463
8463
8465
8467
8468
8469
8469
8469
8469
8469
8470
8471
8472
8474
8475
8476
8477
8477
8478
8479
8481
8481
8482
8483
8484
8484
8487
8487
8488
8488
8489
8489
8491
8493
8493
8494
8494
8494
8494
8496
8499
8500
8500
8501
8501
8503
8504
8505
8506
8506
8508
8508
8509
8511
8512
8513
8513
8516
8516
8518
8520
8521
8522
8522
8522
8523
8524
8527
8527
8530
8531
8532
8532
8533
8533
8534
8535
8536
8538
8539
8540
8542
8542
8544
8544
8545
8545
8546
8546
8547
8548
8549
8549
8551
8552
8552
8554
8556
8556
8556
8557
8557
8558
8559
8559
8561
8561
8561
8563
8564
8564
8565
8566
8566
8570
8570
8570
8571
8571
8573
8573
8574
8576
8577
8578
8578
8579
8580
8580
8580
8581
8583
8583
8583
8584
8584
8586
8586
8588
8589
8590
8591
8591
8592
8593
8593
8593
8594
8594
8594
8595
8597
8603
8605
8605
8606
8607
8607
8607
8607
8609
8610
8611
8611
8611
8612
8613
8613
8614
8614
8614
8615
8617
8619
8619
8619
8620
8622
8622
8622
8625
8625
8625
8626
8628
8629
8629
8629
8630
8632
8632
8633
8633
8634
8636
8636
8637
8638
8638
8640
8640
8641
8641
8641
8643
8644
8644
8644
8644
8646
8646
8647
8648
8648
8651
8652
8653
8655
8655
8655
8657
8657
8658
8659
8659
8660
8661
8662
8662
8663
8665
8665
8665
8666
8667
8668
8669
8670
8671
8672
8672
8673
8674
8675
8676
8677
8678
8678
8679
8683
8683
8684
8685
8686
8688
8688
8690
8693
8697
8699
8699
8701
8702
8703
8704
8705
8705
8708
8709
8710
8711
8712
8712
8715
8719
8719
8721
8721
8723
8725
8726
8729
8729
8729
8730
8731
8733
8734
8734
8734
8737
8738
8739
8741
8741
8742
8742
8743
8744
8747
8747
8748
8748
8749
8749
8750
8750
8751
8752
8752
8752
8753
8754
8755
8755
8757
8757
8758
8759
8759
8759
8762
8762
8762
8763
8763
8764
8764
8766
8766
8767
8767
8769
8770
8771
8771
8771
8774
8774
8777
8777
8778
8778
8782
8783
8783
8785
8786
8787
8787
8788
8789
8789
8790
8790
8791
8793
8794
8795
8795
8797
8797
8797
8799
8802
8803
8803
8805
8806
8806
8807
8808
8808
8809
8809
8811
8811
8812
8813
8816
8818
8820
8821
8821
8823
8823
8823
8824
8825
8826
8828
8831
8832
8832
8835
8836
8837
8838
8839
8840
8840
8840
8840
8841
8841
8848
8848
8849
8849
8850
8854
8855
8856
8857
8861
8861
8861
8862
8862
8865
8866
8866
8868
8868
8869
8870
8873
8874
8874
8875
8876
8876
8877
8879
8880
8880
8881
8883
8885
8888
8889
8891
8891
8893
8894
8895
8898
8899
8900
8900
8900
8900
8906
8906
8906
8906
8907
8911
8912
8913
8914
8914
8914
8914
8915
8916
8916
8916
8916
8918
8918
8919
8919
8920
8920
8921
8924
8924
8924
8925
8926
8926
8930
8930
8931
8932
8932
8932
8933
8936
8940
8941
8942
8944
8945
8946
8947
8948
8948
8948
8949
8950
8950
8953
8954
8955
8957
8958
8960
8961
8961
8961
8961
8962
8963
8964
8964
8966
8967
8969
8970
8970
8970
8972
8974
8974
8975
8976
8976
8977
8978
8979
8979
8979
8981
8981
8982
8984
8985
8985
8985
8985
8986
8986
8987
8987
8992
8992
8994
8995
8995
8998
9000
9000
9000
9001
9001
9001
9002
9004
9004
9004
9008
9009
9009
9010
9011
9011
9011
9014
9014
9015
9016
9018
9019
9020
9021
9022
9025
9027
9032
9033
9035
9036
9037
9038
9040
9040
9041
9041
9043
9043
9044
9044
9046
9047
9047
9047
9047
9049
9049
9051
9051
9052
9053
9053
9053
9055
9056
9057
9057
9058
9058
9059
9062
9063
9064
9064
9064
9065
9067
9067
9067
9068
9068
9069
9070
9070
9074
9076
9077
9078
9079
9079
9079
9080
9080
9081
9083
9086
9086
9087
9092
9093
9093
9095
9096
9097
9097
9098
9098
9100
9100
9101
9102
9103
9103
9104
9107
9107
9114
9114
9116
9120
9120
9121
9121
9121
9124
9126
9128
9128
9128
9129
9129
9130
9130
9130
9131
9133
9134
9135
9137
9138
9144
9144
9146
9146
9148
9151
9152
9154
9155
9156
9157
9159
9160
9160
9160
9161
9166
9166
9167
9167
9168
9170
9171
9171
9171
9172
9173
9174
9175
9175
9176
9177
9179
9180
9180
9181
9182
9183
9184
9186
9187
9189
9190
9191
9192
9192
9193
9195
9195
9196
9197
9199
9201
9202
9206
9207
9209
9209
9209
9211
9211
9212
9213
9213
9213
9217
9217
9218
9218
9218
9218
9219
9220
9220
9222
9223
9224
9224
9225
9225
9226
9227
9229
9230
9232
9232
9233
9236
9237
9238
9241
9241
9242
9244
9245
9245
9248
9248
9249
9249
9250
9251
9251
9252
9253
9254
9256
9257
9259
9259
9262
9263
9263
9264
9266
9268
9269
9269
9270
9270
9272
9272
9272
9273
9273
9274
9274
9275
9275
9276
9277
9278
9278
9279
9282
9283
9283
9284
9284
9286
9287
9287
9288
9288
9289
9291
9292
9293
9294
9295
9296
9297
9299
9300
9301
9301
9301
9303
9304
9305
9306
9308
9308
9308
9312
9313
9314
9316
9316
9316
9318
9318
9320
9322
9322
9325
9325
9325
9326
9327
9327
9328
9328
9329
9335
9337
9337
9338
9338
9339
9340
9341
9341
9342
9344
9344
9344
9345
9346
9347
9347
9349
9350
9352
9354
9354
9357
9357
9361
9362
9363
9368
9368
9370
9373
9374
9374
9374
9376
9376
9378
9379
9380
9381
9381
9381
9383
9383
9383
9384
9384
9385
9389
9390
9390
9392
9393
9394
9395
9396
9397
9397
9398
9400
9400
9401
9403
9404
9408
9411
9411
9412
9412
9412
9412
9413
9414
9415
9415
9417
9418
9419
9420
9424
9424
9425
9425
9427
9428
9430
9431
9432
9432
9432
9434
9435
9437
9438
9438
9438
9438
9439
9440
9442
9442
9442
9444
9448
9448
9448
9449
9450
9451
9452
9455
9455
9456
9456
9457
9457
9457
9458
9458
9462
9462
9465
9466
9470
9470
9475
9475
9475
9477
9478
9478
9481
9482
9482
9482
9484
9485
9487
9488
9488
9489
9489
9489
9490
9493
9495
9497
9498
9499
9502
9502
9502
9502
9502
9503
9504
9504
9506
9507
9507
9508
9508
9508
9510
9511
9511
9511
9512
9514
9514
9514
9515
9515
9515
9516
9517
9517
9518
9520
9520
9521
9522
9524
9527
9529
9530
9535
9537
9537
9537
9538
9538
9539
9540
9543
9543
9545
9545
9546
9546
9546
9546
9551
9552
9552
9553
9554
9554
9555
9559
9559
9559
9561
9561
9563
9564
9564
9565
9566
9566
9568
9569
9569
9574
9574
9575
9576
9577
9577
9577
9580
9580
9580
9582
9582
9583
9584
9584
9584
9584
9586
9586
9588
9589
9590
9590
9591
9591
9592
9592
9593
9593
9593
9594
9594
9595
9597
9598
9600
9600
9601
9602
9602
9603
9604
9604
9605
9606
9606
9606
9607
9608
9609
9610
9611
9611
9612
9615
9616
9616
9618
9618
9619
9619
9621
9621
9621
9622
9623
9623
9628
9628
9629
9630
9630
9632
9633
9634
9634
9634
9634
9634
9635
9635
9639
9642
9643
9643
9645
9647
9648
9653
9654
9659
9662
9662
9663
9663
9665
9666
9672
9672
9673
9674
9674
9675
9675
9676
9677
9678
9679
9679
9680
9682
9682
9683
9685
9685
9685
9686
9687
9688
9689
9689
9691
9691
9692
9693
9693
9694
9695
9696
9697
9698
9699
9699
9700
9700
9701
9707
9707
9708
9709
9709
9710
9710
9712
9712
9713
9713
9715
9715
9715
9716
9717
9719
9720
9720
9721
9722
9722
9722
9725
9725
9726
9726
9727
9727
9727
9728
9729
9729
9730
9730
9730
9734
9734
9736
9737
9737
9737
9737
9737
9740
9741
9741
9745
9745
9746
9747
9748
9748
9748
9749
9750
9750
9750
9751
9751
9752
9754
9754
9754
9755
9756
9756
9757
9758
9758
9758
9759
9760
9760
9761
9762
9764
9764
9765
9765
9766
9771
9772
9773
9773
9773
9775
9776
9776
9777
9777
9778
9778
9780
9780
9782
9783
9784
9789
9790
9791
9792
9794
9794
9794
9797
9798
9799
9800
9801
9802
9805
9806
9807
9809
9809
9809
9811
9812
9813
9813
9814
9815
9815
9816
9817
9817
9818
9819
9819
9823
9825
9826
9828
9829
9830
9832
9832
9833
9836
9836
9841
9841
9845
9846
9847
9847
9848
9848
9850
9851
9851
9851
9855
9855
9858
9859
9859
9861
9861
9863
9864
9865
9865
9869
9869
9869
9870
9870
9871
9874
9875
9877
9879
9879
9880
9880
9881
9881
9882
9883
9884
9884
9886
9886
9888
9889
9890
9891
9891
9892
9895
9898
9898
9899
9899
9902
9905
9907
9910
9910
9911
9911
9912
9913
9913
9917
9921
9921
9922
9922
9922
9922
9923
9924
9925
9925
9926
9927
9927
9928
9931
9931
9932
9932
9933
9934
9934
9935
9935
9936
9936
9936
9936
9937
9937
9937
9937
9939
9940
9941
9941
9942
9943
9947
9948
9949
9950
9951
9952
9953
9955
9957
9959
9959
9959
9959
9961
9961
9961
9963
9964
9965
9967
9971
9973
9974
9974
9974
9974
9975
9975
9978
9978
9983
9985
9988
9989
9990
9992
9992
9993
9994
9996
9996
9998
9999
9999